radio1 : -6.76862682084
radio2 : -6.53322743965
radio3 : -5.48211842478
radio4 : -3.83266927609
fluxsoftx : 1.19869314067
gammasoftx : 0.0877813143963
fluxhardx : -5.10942182138
gammahardx : 1.21099887715
gammagamma : -0.139423386652
[  1.00000000e+00   8.00000000e+00   1.00000000e-03   3.00000000e+00
   5.00000000e+02   0.00000000e+00   1.00000000e-03   1.00000000e+00
   1.00000000e+06   1.00000000e+03   1.50000000e+00   2.50000000e+00]
221.080371236

radio1 : -6.76862682084
radio2 : -6.53322743965
radio3 : -5.48211842478
radio4 : -3.83266927609
fluxsoftx : 1.19869314067
gammasoftx : 0.0877813143963
fluxhardx : -5.10942182138
gammahardx : 1.21099887715
gammagamma : -0.139423386652
[  1.00000000e+00   8.00000000e+00   1.00000000e-03   3.00000000e+00
   5.00000000e+02   0.00000000e+00   1.00000000e-03   1.00000000e+00
   1.00000000e+06   1.00000000e+03   1.50000000e+00   2.50000000e+00]
221.080371236

