radio1 : -6.56734529701
radio2 : -6.38731032928
radio3 : -5.37757370226
radio4 : -3.77047503641
fluxsoftx : 11.2376029961
gammasoftx : 0.0711952031938
fluxhardx : -4.92099989248
gammahardx : 0.634477635422
gammagamma : -0.115133051423
[1, 15, 0.001, 3, 500, 0, 0.001, 1, 1000000.0, 1000.0, 1.5, 2.5]
1069.03405851

radio1 : -6.56734529701
radio2 : -6.38731032928
radio3 : -5.37757370226
radio4 : -3.77047503641
fluxsoftx : 11.2376029961
gammasoftx : 0.0711952031938
fluxhardx : -4.92099989248
gammahardx : 0.634477635422
gammagamma : -0.115133051423
[1, 15, 0.001, 3, 500, 0, 0.001, 1, 1000000.0, 1000.0, 1.5, 2.5]
1069.03405851

radio1 : -6.56734529701
radio2 : -6.38731032928
radio3 : -5.37757370226
radio4 : -3.77047503641
fluxsoftx : 11.2376029961
gammasoftx : 0.0711952031938
fluxhardx : -4.92099989248
gammahardx : 0.634477635422
gammagamma : -0.115133051423
[1, 15, 0.001, 3, 500, 0, 0.001, 1, 1000000.0, 1000.0, 1.5, 2.5]
1069.03405851

